2075
2107
84
1652
598
2428
2365
2143
1127
169
1960
2031
2007
1246
2715
11
1854
1594
1581
314
583
2301
209
710
2585
1784
1512
608
1787
1352
120
40
2592
2315
870
89
1049
1900
625
1107
2335
260
1500
14
746
1097
311
1474
438
2514
2950
835
2293
720
1466
235
1786
802
895
2845
2003
1443
1735
957
1950
1817
2677
1592
156
322
1746
2247
2587
980
2297
158
813
2947
908
2915
229
41
542
375
2216
2299
2060
1277
53
2540
554
2745
430
1217
975
1090
2605
2757
2041
2867
2762
847
1830
1831
867
902
2744
2928
1479
2124
648
2404
1878
1706
1932
2357
1302
2999
2066
2863
186
514
244
60
1099
2812
1803
352
874
1935
1578
1324
1472
2544
1759
307
2952
2949
2835
1156
601
1101
501
776
2699
1593
2455
549
2166
2578
2739
1929
2764
2819
131
2543
417
442
2450
918
470
1135
414
1
1838
1563
1691
638
688
479
556
1522
47
2504
1153
2876
1227
1518
255
609
1911
1590
2372
2552
1523
1847
2807
1106
257
1220
900
0
1939
1730
678
1569
1626
427
546
1583
1510
2182
2385
599
456
276
2201
2890
2126
946
2695
2659
1788
341
2136
1467
2213
537
2134
2525
2082
786
2451
1580
376
877
2846
2868
1717
1785
2910
378
1498
1714
640
592
660
2735
730
791
2157
564
1252
2313
724
2768
547
627
1020
2547
495
107
2563
398
2266
17
1183
132
2278
939
1842
2943
2181
1333
2125
1321
2249
1726
1326
2629
1907
50
4
1105
90
2814
143
2155
10
714
2374
2929
699
1178
253
1620
837
1081
2573
488
657
623
1449
74
465
994
2215
1789
1071
1175
2650
2204
1358
2479
2430
1223
1068
302
2387
508
535
1093
1147
2749
1255
866
1014
9
681
2460
2291
16
2431
2256
1909
1155
2981
2903
1765
1410
2576
2115
2796
170
2600
555
2839
2690
2555
959
1516
1574
2013
119
1198
468
272
2202
2106
842
974
232
2034
1461
2045
1934
1688
2984
569
2847
1896
1999
2990
2964
2098
1687
3
2440
2285
1407
147
1557
2462
984
412
2539
1440
397
2415
1236
1189
927
2713
2760
2501
2825
1926
1111
875
2102
2772
1550
809
1659
183
401
622
365
343
2332
770
1985
1102
698
2827
39
424
658
1782
2826
553
2229
848
761
541
2461
2290
2957
649
868
1850
762
824
1600
325
1956
2530
1275
1754
2070
2798
82
2916
128
1953
2190
1792
1025
742
2383
1329
1711
2094
1912
727
2334
1309
2123
1473
2369
1355
261
1922
1270
1283
1077
164
172
1310
2054
539
594
750
863
1840
2214
1997
1825
1828
810
576
299
2935
2881
757
1530
2691
1468
263
1434
752
2969
458
1176
2824
2980
222
65
821
1571
2803
1529
2521
2809
2898
512
1720
1870
876
277
901
1611
1184
773
2855
2686
2787
976
2333
2894
2793
663
956
2319
2273
1179
861
1219
1444
1969
2047
1802
2402
2196
1664
1524
1682
1972
832
1136
2811
428
2874
1062
2068
655
1908
862
2373
1668
2612
123
1867
1766
982
439
1875
1019
2907
1755
2008
2411
1428
2053
2465
1200
1914
2305
1504
2727
1718
1940
2002
87
2911
775
2429
1488
2489
2055
1435
961
2860
151
2844
1160
2073
130
1305
2263
650
1056
1506
175
595
1325
136
2097
2832
1456
907
78
966
909
1967
2426
2590
48
1451
559
2337
879
2951
2399
1866
849
998
839
1130
2200
585
2779
570
2044
2689
1513
1915
1123
2668
2390
2692
286
29
1221
111
155
2412
304
1511
2193
2698
2183
2274
281
589
2270
1109
1382
2608
940
2264
310
2069
336
1767
995
1044
2627
1993
2625
1844
2195
2016
2474
2463
2362
453
1051
1370
349
2048
262
1447
2853
1721
2712
2854
2932
2742
1686
2705
419
735
2406
736
2883
2043
1138
2346
103
2347
1689
2783
1248
97
1316
1818
321
711
2231
611
1001
297
2959
2254
1606
203
2776
1948
190
2518
1188
950
1199
2283
2656
2505
1036
1879
574
301
298
418
2309
2816
1096
2515
2235
951
543
743
2076
1196
1957
840
1749
2392
2011
2296
1094
2160
2756
2820
502
2022
708
1167
2769
2025
2533
2
356
778
1152
1657
2277
2545
2799
1004
1404
1354
2648
534
320
463
2973
2105
2227
2306
75
872
1570
1675
2596
2495
2149
2207
526
1074
683
1419
1978
844
1836
521
2237
332
2268
1115
152
926
2240
2502
2730
2804
2637
2616
2655
2830
2906
396
1342
245
1588
1285
1395
2992
2199
1229
993
1291
1974
294
1357
2702
768
1460
420
1055
1385
2072
2927
1617
970
2852
1739
476
944
2191
2230
2861
1006
2524
174
2165
2205
2896
173
2208
1240
1712
1865
1998
2138
2775
1360
2786
1539
787
2701
1273
2302
474
921
1463
632
1278
2260
2622
2351
2904
972
2154
312
1497
1548
2972
591
630
997
287
2945
144
1556
725
894
1603
1666
1952
545
1064
1551
1826
765
1002
1242
270
1970
2225
2287
2476
2773
92
2870
798
149
1413
1677
2024
2508
2635
858
518
30
1495
1895
1347
2577
2746
2681
1901
2529
163
1973
2651
1839
1897
1417
2810
634
986
2057
2532
1807
816
1319
1586
1602
1777
2641
2389
1249
1348
1335
1393
2452
1601
1645
2438
242
1237
1880
1121
1892
2350
54
2077
452
1423
2785
1841
1205
2630
2900
324
1235
1173
1211
2892
1630
2418
2986
713
1453
1648
274
739
1733
2486
1736
2049
2848
2886
481
2519
2865
206
1092
1517
1770
1672
2375
1073
911
1011
2443
2884
503
2320
2983
2425
2971
399
1965
2360
2598
2343
96
1457
2490
2640
723
1126
2103
2813
2960
31
432
1177
1427
1756
1845
1124
1595
527
1724
2925
1390
871
1670
702
1406
1783
885
1208
656
413
754
1158
278
1026
1145
2304
2638
531
707
2996
63
913
2339
2492
145
1263
1552
2116
2146
237
1344
2370
1432
2447
133
1723
551
2520
2536
685
538
1426
2298
189
227
941
282
915
1528
1812
1923
1653
1697
95
618
1478
1804
1619
1641
2802
792
815
1063
2168
1532
449
513
1632
2966
1069
2245
856
2353
969
1919
604
1133
2117
2478
2977
1573
1863
1877
61
1103
883
1822
1975
2571
499
2568
1146
1192
1555
869
1114
2481
1377
1906
2458
703
771
766
2758
1180
1881
838
2777
8
1609
1122
1403
178
734
1575
26
729
1257
1981
2017
1289
2110
2151
138
1433
2058
435
2956
487
1986
2312
579
978
1857
2649
2737
157
1931
250
523
704
1119
1399
2087
692
826
2009
2849
22
2694
316
387
1017
1576
2427
339
1658
2496
2733
88
122
572
845
1776
1079
1685
1764
2566
2974
305
436
675
763
1086
1290
1846
1905
2398
2488
2526
1174
1916
2580
829
2127
2665
303
716
1442
1624
1886
2023
2130
180
364
1187
1561
2167
181
425
759
403
954
1860
2493
937
1621
2004
2604
451
460
1454
2741
686
2052
2314
2510
2919
571
2042
2173
2381
935
1798
2680
823
1314
2483
2732
2955
1254
1368
1422
1501
2131
2607
2859
1052
1502
2226
2397
2632
2922
1320
1930
2292
947
1100
2593
112
602
1771
851
1007
1547
2084
573
779
1637
2774
36
2653
584
1154
1163
1233
2480
2494
865
1485
1582
1608
2707
45
1412
1496
1604
1894
161
767
1362
2015
2203
2560
2987
600
1047
2121
2602
2985
306
446
1394
1491
2706
2322
337
429
241
422
525
1811
898
2010
2062
509
748
2464
2660
275
505
1425
1646
2594
722
960
1050
1869
888
1161
1212
1597
1814
1508
1639
2708
818
2401
2709
2815
793
919
1150
2557
2726
2509
208
828
999
1258
1820
1209
49
454
1234
1705
2567
790
1704
2995
1775
2606
408
1386
2550
2666
2725
1758
2083
2597
936
942
949
1216
1599
1703
1837
2217
1264
1832
23
80
1835
2408
2736
510
628
1732
2722
504
2618
2879
2895
2989
1230
1318
2978
1296
1503
1579
1674
497
1464
57
461
596
654
854
1213
1519
118
1992
2071
2931
797
1728
83
165
860
2669
447
2889
212
967
1376
1538
2882
7
141
234
2623
2795
2887
102
357
1351
1781
758
1618
2572
990
1038
1072
1087
1250
1397
1430
2636
2982
94
1514
1921
2721
140
834
1899
2174
13
1336
248
588
726
1269
1715
389
1607
1612
1913
2697
196
457
811
1521
1713
1751
2170
2210
42
664
781
1937
2061
2485
193
374
464
788
1005
1171
1990
2244
932
1265
1339
2029
2140
2475
2619
1151
1418
1436
1499
2970
72
1369
1489
1649
1680
2307
1374
2067
1297
2763
2771
2801
796
1013
1471
1480
1904
2111
2354
367
519
665
1493
1779
2621
2842
2843
624
1251
2147
2382
2613
2880
184
755
1045
1487
2234
2449
2499
2631
578
825
1389
1665
1809
2163
2223
2251
383
925
1799
1874
1925
2897
309
377
1527
1568
195
922
2871
388
920
1274
1962
2617
2703
182
1882
2477
2682
2729
2833
2962
827
1182
2361
2754
496
1021
1669
1795
2831
2144
2684
2717
1470
2162
2482
2687
2734
669
929
1984
1996
2549
342
1898
2021
2243
2444
2498
2875
226
780
1039
1259
1396
1465
2821
153
1323
1484
1924
2063
2679
612
747
830
1328
2675
326
371
1366
1979
2065
2558
2767
2817
2899
405
897
2405
637
881
1943
2647
2674
2753
934
1486
1567
1902
2693
822
1012
300
2180
1294
1883
2086
2128
2242
2862
2942
279
1191
1808
1884
2579
15
81
1033
1202
1365
2523
2780
2946
1400
1790
2410
46
167
500
1540
1554
1698
2954
606
1037
1505
2119
2325
2913
1085
1279
1707
1725
1945
2348
2559
645
948
1312
1946
2239
1409
139
207
581
1009
1262
1429
1778
2184
2473
1494
1537
1684
1961
2303
86
557
1057
1061
1308
1450
44
483
635
846
1142
1634
1796
1805
1861
2172
2432
247
266
738
886
2033
2329
485
1067
1891
370
565
749
1243
2662
2700
2805
2918
587
808
1745
2164
2569
2750
328
379
878
1003
1373
1774
1955
1392
2114
358
386
1165
2358
21
443
1118
1287
2037
2671
295
1476
1942
1983
1455
1477
1509
2092
2379
2718
2901
205
362
511
540
820
988
1679
2614
6
347
1040
1699
1743
1958
79
777
1343
1851
1989
2050
2257
2667
194
2080
2275
2979
662
817
1164
1172
1977
2161
2522
2864
216
586
471
643
1148
1253
1605
2352
2409
2914
2967
671
801
1159
1383
1815
1988
2321
168
1341
2368
2420
110
340
1692
1794
2095
2386
2877
2920
1194
1379
2248
1046
1272
1701
2059
2286
2513
27
127
187
355
963
1562
1852
2171
2468
198
812
1954
2030
2206
2738
2893
1238
1656
2089
2108
2228
2279
2908
211
335
709
965
1125
1322
1544
1709
2179
2823
2909
327
346
674
680
1000
1349
1616
1695
1719
1949
2554
855
1241
2280
2441
2791
2941
393
687
905
2393
2459
70
647
1340
1690
2091
2135
2582
2696
2731
785
804
1144
1330
2506
2001
2014
2220
2416
129
603
794
884
2341
2434
2610
2747
258
360
406
431
987
989
1015
1066
1201
1204
2036
2975
51
73
104
445
667
1276
1615
1791
1885
1966
2714
2765
106
315
390
562
992
1740
2046
2961
1207
1469
2238
2267
2328
179
506
536
613
833
1553
1742
1744
2421
2599
732
764
1437
2145
2497
558
899
916
962
964
1346
1534
1734
1968
2836
2938
280
288
890
1559
1565
2012
2439
544
582
691
1293
1384
1441
1941
1980
1982
344
441
745
1032
1224
1284
1415
1577
2132
2156
2454
20
567
615
1065
1098
1108
1169
1773
2446
2484
2528
35
231
372
701
1301
62
93
411
462
1143
1193
1416
1638
2276
2349
2355
146
246
1338
1693
2133
2359
2963
124
230
410
753
784
887
1149
1206
1431
2601
2994
43
1140
1408
1598
2546
1197
1315
2186
2395
2541
2857
2912
467
610
639
1636
1936
2113
2615
2626
271
533
617
1030
2534
2719
2782
213
1139
1231
1372
1459
2152
2269
2388
2997
1549
1801
1849
2869
137
480
507
633
697
2137
2507
2584
2652
2828
1091
1613
1628
2187
2663
2670
267
269
448
568
626
2122
2178
2330
2336
2340
2553
2595
2609
2800
2934
236
593
620
859
1116
1760
1933
2423
2487
2500
2646
2661
117
330
522
891
983
1542
1642
1643
1750
1864
2472
2535
2628
2642
71
423
440
473
1244
1247
1868
2466
2564
2639
33
210
283
289
434
1117
1654
2676
2993
101
200
490
515
1910
1963
2310
2376
2822
223
292
783
985
1448
1995
2363
100
308
437
917
1157
1226
1260
1414
1482
1700
1888
1928
2093
2318
348
914
1458
1572
1640
2467
2537
2761
416
616
641
896
1120
1424
1589
1696
2723
2841
444
590
718
931
2209
2265
2678
56
114
238
426
1520
1716
1971
2371
2603
2781
2788
37
475
679
831
904
968
1027
1623
1647
1694
2789
2858
530
706
1663
2038
2262
2531
2683
2991
68
91
943
1281
1307
1584
1731
1806
2377
2394
2527
2888
2923
69
333
334
494
629
1034
1215
1267
1332
1526
1660
2236
2326
2591
32
76
126
273
402
433
715
2000
2324
2384
2419
550
1288
1398
2056
2400
2885
199
220
243
392
486
491
653
673
2516
2574
67
197
1041
1331
1546
1671
2188
2192
2778
2940
159
353
482
605
666
676
882
1088
1483
1763
1918
2006
2272
2317
2453
2457
2620
2808
2891
2902
225
256
361
466
477
668
795
952
1137
1587
1959
2096
2378
2575
363
369
580
910
1028
1239
1633
2197
2222
2284
2289
2344
2433
2654
2939
38
66
228
395
677
1043
1452
1515
2308
2327
2391
2511
2583
2611
2759
2840
2976
77
319
774
864
953
977
1303
1490
1541
1944
2005
2109
2748
2794
2917
290
751
806
906
1059
1110
1203
1420
1545
1650
1748
1862
2026
2139
2258
2503
2551
58
154
254
296
338
382
807
938
958
1089
1141
1232
1304
1402
1475
1662
1708
1738
2198
2218
2752
2784
240
415
493
728
1421
1917
2158
2366
233
350
928
1058
1256
1298
1843
1876
1893
1951
18
64
121
472
1048
1268
1295
1727
2403
2711
566
744
1018
1214
1380
1610
1655
1769
2032
2100
2241
2271
2456
2797
116
191
201
268
529
636
1076
1134
1353
2624
2829
219
469
733
814
1162
1367
2064
2300
2790
2933
381
577
760
1113
1245
1853
2081
2437
2586
2720
2743
251
1225
1299
1327
1439
1558
1629
1678
1722
2028
2153
2261
2561
2851
59
99
134
492
646
1266
1306
1753
1964
2079
2185
2253
2281
2542
217
670
836
973
979
1131
1667
1772
1987
2088
2112
2294
2448
2644
313
532
689
693
1022
1060
1166
1292
1462
1644
1747
1761
2027
2120
2588
2643
2657
2872
202
285
368
1218
1313
1334
1823
2259
2323
2356
2866
2965
252
407
528
712
843
930
1311
1566
1871
1872
2040
2246
2380
2424
2664
2936
109
166
421
489
524
614
731
737
853
1016
1356
1729
1920
2834
2944
215
323
1128
1168
1210
1363
1768
1816
1976
2018
2435
552
805
889
1112
1391
1631
2224
2311
2407
2570
2704
5
249
607
789
799
850
955
1078
1170
1185
1317
1371
1481
1938
2169
2255
2364
2367
176
329
366
769
903
1757
1780
1889
1903
2471
2645
19
108
561
696
1104
1222
1681
2078
2150
2211
2724
2755
2873
12
459
516
1280
1388
1438
1536
1560
1890
2219
2295
2338
2413
150
204
1625
1737
1947
2250
2562
2633
2930
2968
85
478
1271
1533
2118
2159
2221
2673
239
359
517
659
857
1053
1345
1651
2085
2396
2926
148
218
331
484
597
642
651
981
1095
1614
2252
2436
2710
2818
2850
55
113
354
873
912
996
1084
1507
1525
1531
1627
2837
2958
2998
125
171
560
1190
1381
2414
2417
2470
2548
34
575
971
1024
1031
1186
1261
1405
2035
2988
318
945
1054
1228
1856
1991
2233
2288
2556
2740
380
384
717
819
1042
1810
1848
2104
2175
2581
2728
284
705
1083
1596
1741
2051
2422
2445
2512
2937
28
52
221
373
661
684
690
772
852
1023
1445
1819
2232
2331
2751
2953
135
782
1181
1282
1359
1585
1752
1873
293
721
923
1080
1661
1710
1800
1855
2039
224
404
841
924
1132
2019
2099
2212
2282
98
185
400
1082
1195
1833
317
652
1008
1378
2142
2538
2716
2921
25
192
385
695
1129
1591
1622
1762
1813
2101
2189
291
409
682
933
2176
2491
2565
2634
2806
2856
391
803
991
1035
1286
2792
450
1829
2074
2342
2517
800
1375
1401
1411
1927
2442
2878
142
756
1364
2148
2672
548
563
1821
1824
1994
2905
160
351
719
892
1300
1535
2090
264
631
1387
1887
2469
2838
115
188
265
893
1337
1683
1797
2129
2688
2766
259
345
694
1029
1446
1492
1635
1858
1859
520
619
621
2141
2316
24
1075
1673
644
1702
2948
1010
1676
1827
2194
2770
455
1070
1350
1834
2345
2658
498
880
1361
1543
2020
162
700
740
2924
2177
105
214
741
1793
2589
177
672
2685
1564
