1716
2265
2623
2236
1381
63
2408
203
2587
2287
634
1359
2244
2214
2266
2012
568
1009
1762
1911
281
405
1858
1586
2684
221
1920
1062
1471
1729
2467
174
687
2331
1
2707
1916
2770
2302
2449
1759
807
304
177
2811
1546
1383
1929
2815
2362
1390
2756
1984
1183
2598
1557
2689
204
2872
2235
268
1739
2104
686
2102
316
298
2288
1403
2358
2798
2512
805
1620
645
819
2973
2342
1160
1468
1919
2415
214
2776
783
2387
399
1078
1105
749
667
1946
1723
48
2523
2853
1666
544
516
250
940
2065
1856
168
2125
2033
1007
1503
2896
342
2658
1654
1948
136
336
1687
1545
2923
269
789
216
2860
2081
2316
2093
90
534
2605
2178
506
2667
2353
256
2380
870
1892
430
1448
998
1601
1320
2283
2611
84
14
2925
2876
2705
2919
2751
879
2112
2926
266
1277
390
1505
711
392
299
2155
1893
1357
282
357
1996
2382
2717
1298
429
1924
571
2868
837
2045
993
1500
2243
788
259
1648
766
695
436
75
1133
1094
1139
1497
743
529
1563
2196
2509
796
2525
1104
865
501
1833
2591
2161
2898
384
2980
2222
2951
731
1404
1437
2697
2904
762
828
333
209
812
388
2075
1438
1445
2225
635
972
1280
612
497
1380
2323
2466
2351
1596
1522
2889
670
2101
1196
1562
1068
2581
2614
2245
1516
1799
1959
895
1672
1517
1154
2530
1058
1776
1490
119
1340
1043
57
2232
2527
1839
843
737
2788
2743
2943
1650
1665
212
1978
1792
109
1335
2901
2659
1028
1645
1801
469
557
1775
1709
1889
1508
1278
2981
2662
2780
735
2871
530
570
2490
2911
1506
1878
2327
1071
1230
447
1812
2169
2841
2847
1364
983
1701
18
2398
2158
1092
1534
1559
2117
1676
1684
1541
2396
1745
490
1312
2044
2845
2424
2762
1599
2621
2599
248
2473
40
2298
245
613
396
1866
2394
818
2363
374
2809
2668
2624
2253
866
1690
2592
4
1254
2175
1721
1482
2840
175
932
2478
1840
1289
1661
2210
2249
756
2554
2035
363
2457
1268
1181
2747
2962
1811
1874
1098
2879
2786
2047
884
2103
806
1886
967
0
479
888
957
1370
1587
2291
898
1847
1114
1136
360
625
1420
2765
152
2349
2819
1338
1074
407
813
356
1567
2057
224
2220
2829
906
1123
679
91
619
872
2804
2622
2907
1179
1898
775
1469
1285
1955
433
622
2878
408
373
717
1845
561
2832
615
1107
414
290
1883
2060
372
1003
1487
2475
2909
1020
2858
1814
1570
1264
1854
2146
66
23
1477
2891
45
2513
207
662
969
844
1481
1211
836
2654
2455
1050
1443
2390
2393
1141
1853
1991
955
2049
829
2051
1655
2317
1556
452
2948
2727
2692
192
31
2830
2952
1806
234
1748
1607
1712
2445
1132
340
1214
2810
2814
12
2479
93
1738
1970
1327
195
873
769
2968
2022
1407
434
2568
326
1560
2437
1697
70
2908
2740
332
2295
1820
458
2682
2190
1018
868
589
2004
2472
2341
1917
415
2114
1514
1374
2565
2010
2690
1229
1695
1288
329
1605
25
1096
2965
2122
747
1240
2468
2610
2917
2281
423
1279
339
167
2319
2557
1804
240
1343
2152
2745
2054
671
142
2718
438
2192
2630
19
193
1242
2674
260
1119
2699
990
2793
975
577
128
383
1568
2139
2816
1146
2517
164
1076
1633
1602
2297
2233
621
1000
1593
2048
1358
1598
1865
2167
2431
1638
999
2023
2542
1354
351
1600
1447
387
2708
1167
1875
2226
1526
2211
1968
1205
1422
92
518
1525
2716
2018
903
1272
1643
712
904
2418
2706
2128
1317
1434
582
668
1216
309
319
1767
1346
238
1324
713
255
2506
2405
2487
1356
120
1351
2663
2906
1973
2997
222
800
885
300
1011
2016
43
599
1479
1844
417
2805
1061
385
2420
218
2463
147
1026
1768
1630
637
2910
652
2865
2975
2209
1091
1227
139
1024
738
437
86
2665
1193
1492
2758
346
2136
804
2529
2193
1233
2306
696
1533
76
639
354
1836
2046
1318
2563
99
1461
1733
1746
420
1987
1778
27
913
655
2967
689
514
663
2216
2732
1311
551
922
413
1414
1979
2618
917
16
510
741
653
628
173
2826
283
693
2348
2000
1232
2749
1402
2686
1386
2696
47
631
2941
964
2458
2204
253
5
2862
293
393
2932
2985
1753
1377
2164
1851
2400
1974
1168
1769
2988
1194
1901
226
2218
1940
443
1826
315
2426
1813
1170
2383
1255
520
1835
2350
2228
2824
1627
1387
1571
1576
2986
391
2536
2315
2894
603
2064
2507
394
1446
2712
473
1577
547
1131
1714
422
1455
34
2806
94
2223
106
894
2246
1862
539
1908
1935
2357
1083
744
933
910
502
1025
770
2863
1371
850
1475
1309
891
2438
1961
2584
523
352
586
1399
2577
2620
2803
149
2024
1584
949
2955
1669
2890
2460
2212
1623
2368
2643
994
1051
1548
362
2194
1352
2335
431
1747
1036
1225
227
871
2345
60
2719
450
654
802
1726
1975
1777
2251
111
184
2442
2389
2728
1250
1401
2205
1416
1904
944
2090
68
2202
22
1331
674
24
2549
2541
2238
314
2411
2248
2441
1972
1339
1222
821
2772
400
1372
323
470
1810
1998
211
2957
30
2524
196
2201
444
1208
1938
2744
1527
1385
233
1805
2970
799
219
2757
2854
1425
1281
2144
2608
2369
823
2231
1297
580
2050
110
2493
121
143
623
272
966
2670
254
1867
1310
2999
919
2273
2752
487
1206
365
1175
701
912
691
2661
1535
1632
2129
2367
1995
199
213
593
301
1444
657
2998
2989
984
1981
1035
2453
1085
335
2061
986
263
2533
1903
2555
1863
276
442
1304
511
1064
2580
2821
512
1611
58
123
842
607
1049
2270
1713
2915
808
2026
1073
2264
859
1485
1926
1245
814
1818
939
1786
1055
1156
441
294
201
2007
2822
877
938
2072
845
2344
1100
2157
2242
638
2280
2779
508
1771
138
2043
1591
2880
1612
50
1341
716
1579
886
2185
2651
2469
2324
2656
2032
389
1755
2083
1152
258
1772
215
103
2030
2008
134
1841
2820
965
153
1190
1460
292
1496
243
1330
585
772
2795
1993
2009
1212
1544
1054
1876
1542
1954
550
1658
1295
1033
494
1765
1896
427
112
945
2887
2645
2842
2520
2848
2189
889
522
2918
2294
545
849
28
847
1307
2
2058
540
2250
2133
2013
1913
2200
1891
1872
851
1789
723
2123
997
191
95
2501
838
1538
2471
2108
398
2137
2825
822
1725
2025
927
15
2388
186
1333
1537
2343
1561
1069
2221
750
2484
285
721
2206
2790
159
2657
920
1507
1647
538
130
2143
2377
1336
1126
1761
2366
1528
2755
2808
810
2421
2528
905
863
1964
1294
2181
463
2710
2532
952
409
1116
41
1408
558
1817
1077
1934
2617
754
1301
1161
1337
1635
941
2094
2685
2451
1798
1779
2902
349
2428
704
1870
2666
2191
1113
280
2392
2873
1095
2356
2272
264
1044
2578
2683
980
465
2983
2456
1580
1187
239
827
2267
2995
2037
2782
2300
2958
1053
1680
1015
1625
2725
2864
1439
1610
2939
2492
1613
2447
1763
970
629
992
2903
101
1436
2461
141
73
614
973
1902
1717
1191
198
1265
1305
1163
1273
1249
1299
1732
666
2071
2284
2637
2148
1180
1111
2496
1166
71
513
2519
1158
1950
2882
262
171
1531
2629
878
2015
2979
1219
2713
2561
892
404
2569
692
2402
989
2028
2573
1188
1435
2944
296
1990
537
2572
857
2084
2299
1718
991
480
2419
1169
500
200
1263
2817
87
2198
2828
457
1493
1754
1261
1449
1144
2546
2604
2721
140
1241
1084
2648
736
690
1914
1016
2404
2638
2289
1843
2318
897
303
151
1829
343
633
2844
2893
1590
722
2261
1782
907
1986
2328
755
507
455
1660
2311
947
2508
801
1703
324
1171
1378
592
2452
2726
2950
2068
485
347
425
1842
925
896
2325
1976
1980
1368
1994
1659
700
2098
2600
1631
306
2875
1157
1081
2301
2454
1134
661
2277
2945
1012
1148
2856
482
1349
2877
605
78
2585
488
1795
2515
1728
1907
2616
703
1342
1711
1933
2953
2701
1673
528
2482
2586
2096
1529
1617
794
1686
1749
1785
1484
217
1502
554
49
2698
763
246
1931
2140
2384
381
535
1603
1498
1803
317
732
926
1392
1790
632
2627
2869
1396
1960
2138
918
2588
2059
583
1691
2837
1815
2322
1306
2165
2278
1048
1943
1467
2333
321
1722
2531
1145
1030
642
548
531
1246
344
1675
1322
1989
1736
85
1539
126
2412
1345
1936
2378
1314
2034
1326
2002
1628
2763
1699
2156
2861
1127
1274
2777
1458
2947
835
2131
588
2147
1465
779
491
1742
572
178
2928
596
1822
2886
971
2916
678
2110
1334
1928
2800
2488
2709
1147
664
1909
1400
1574
1609
2778
1549
564
669
2628
165
2812
170
495
1070
1109
1588
2996
3
1388
1149
1135
2972
377
976
1209
2255
648
2881
2082
2673
594
2309
2379
1290
1017
1117
2556
2570
2135
1093
1366
2365
64
740
1550
1165
2241
2688
2801
466
2646
29
2229
338
2946
1237
312
504
778
1578
2116
1459
2934
660
651
2354
162
2729
2504
1629
2076
2014
875
1983
89
576
402
1260
2715
1153
2381
681
2789
2634
2538
2537
640
2992
2292
2360
2612
1828
1939
257
2391
2006
330
1137
1350
2150
1052
44
361
51
2293
2802
1284
1783
1429
493
210
2583
274
1966
2444
2195
525
2534
2978
2991
1243
961
1101
397
1824
1764
1393
1121
471
2282
2797
1099
1573
1494
2503
1615
742
1088
816
1453
2746
2579
289
930
230
46
2271
2329
2187
1634
1616
1325
1569
1895
2127
915
1029
476
2769
706
1228
432
32
1930
370
1218
481
2540
1594
135
765
2257
2933
1555
401
942
2234
1922
468
533
1752
498
1120
2330
446
1925
1564
1303
549
2149
2124
2516
2827
1988
1008
61
1957
962
2107
1504
2680
2625
1706
1741
33
345
1176
1662
9
600
2355
546
2111
2559
318
160
682
1852
2395
496
2422
67
2937
867
2042
169
1770
2337
378
1258
229
367
2647
1796
1825
758
824
2652
1927
702
451
1855
759
107
2260
1640
284
646
2720
569
2694
1373
2640
1530
2735
2208
2704
727
1518
1523
2823
1597
1708
2677
2959
275
462
36
617
2784
2262
803
1705
2942
1423
1313
2603
777
1710
543
1831
505
421
1688
1944
2924
781
2184
97
2850
2359
2976
1427
1618
1332
42
1827
647
2500
2227
1910
1750
1234
2141
7
2160
2269
1027
563
1406
1969
2001
2761
1558
1621
1794
157
1694
223
876
1367
2566
2874
10
1816
2462
2092
1897
1433
2636
2489
1967
146
2964
104
2056
489
834
1032
771
2217
2443
2730
776
1239
951
72
1004
694
2307
1413
1819
1678
464
2994
2176
232
395
475
1644
2499
1674
1501
2831
527
105
1639
2679
785
714
1355
979
2095
833
2477
161
144
604
2099
313
1807
1296
936
914
1702
2870
2518
382
864
1442
656
934
2126
1130
2723
2039
355
228
602
1056
1348
2070
183
724
265
368
1059
1821
1884
757
1668
474
887
353
684
206
2079
477
1223
2783
2414
325
840
1830
124
2596
2971
729
974
797
2397
2450
1001
1877
1251
2675
244
946
1685
1838
273
2836
35
1090
708
327
1915
536
1426
2796
1379
2275
2188
1800
1700
1189
320
1034
680
753
1952
1670
1547
1850
1787
1039
608
924
1905
2403
2759
1683
854
297
2376
825
2334
1184
1248
2370
2338
901
1780
1040
1266
764
179
2839
185
403
636
2159
1321
782
2425
982
2851
1664
2807
1681
2597
499
751
1543
267
1781
2080
1128
2787
2386
1259
710
2741
2486
1524
2731
1604
62
2427
995
453
188
959
1291
698
1707
1173
53
2900
1947
1089
1106
1832
1432
2215
2687
2724
935
869
567
2866
1932
1495
1735
242
1962
672
1715
1172
524
127
911
1997
1890
2256
2510
832
2544
1873
817
2274
2940
1252
2571
2179
2401
2361
1766
154
2681
2031
1882
2498
137
158
1802
709
2021
1112
1177
2714
2961
1270
2239
1667
1415
241
8
88
1391
2230
2593
761
1743
291
916
2027
809
1774
921
271
780
1253
2960
459
2545
1186
2558
2168
1963
2920
928
2417
2582
2132
1791
1608
279
882
2247
1226
2771
2913
2738
798
308
1118
98
2430
2766
2905
815
1197
278
1585
981
2259
1353
1419
2855
791
2435
1553
295
1363
2145
1021
2464
1463
1080
484
609
2888
2268
1834
1937
931
2927
13
2339
1022
2575
225
1045
445
1319
2406
1512
366
1441
2760
1256
416
190
418
1454
2087
787
2020
1589
2100
1005
2867
2884
1488
1823
236
560
2332
1466
2859
1486
1513
848
102
2166
1384
376
1982
2794
1965
2304
1430
1361
2151
2364
566
2078
2172
2750
627
1888
1210
616
2119
1734
435
2511
2764
122
1038
2700
1511
129
1474
650
707
237
1417
2088
1108
2963
1871
307
597
1300
1347
610
163
1440
100
853
1159
1923
1880
208
1679
606
1899
2053
1110
1956
2590
2336
1642
902
552
881
954
1155
1693
1860
1182
1115
1224
1302
2105
2644
2929
820
2285
705
590
1724
1037
1203
1412
492
1869
2649
334
2733
39
1536
1671
2984
760
1236
575
328
2433
2553
1464
1287
1231
1797
59
1992
2514
472
1428
1456
2162
2085
573
2372
2773
2069
1509
2326
958
369
2505
1362
2465
1066
194
978
1452
2434
1532
1698
1238
2086
2567
591
1906
541
1276
2182
643
305
302
526
1520
659
2017
1138
1677
2312
1848
1329
677
486
1879
1942
2938
205
521
2407
1129
963
2560
1198
858
156
82
1689
1262
2448
581
2899
2672
81
77
1201
2737
2115
2813
2459
2936
519
2664
950
2753
2607
38
2180
644
2413
960
2171
1042
2346
1006
2213
1491
1515
478
2695
1410
270
1424
1583
220
2774
795
1999
288
730
2722
852
745
133
2203
2254
2982
2313
1622
2062
929
1086
1067
1646
1031
774
176
1283
2977
1220
1941
2641
2439
247
2589
2857
1540
2097
2432
908
2279
688
1521
172
2564
2639
1971
426
2548
673
988
793
830
1405
1247
467
2736
1704
2440
768
2550
74
1150
2574
826
1614
719
2497
746
2775
2106
2063
1046
2142
2089
1244
1395
1315
1316
555
2956
1292
2186
2207
2373
1499
893
1215
249
428
379
150
2055
456
1418
2011
1808
2340
337
2602
2711
1894
2609
2702
601
411
1592
1344
1837
358
2177
1730
1087
860
883
1207
1217
148
2113
1784
649
1719
2551
598
117
726
517
1626
96
54
1951
424
1195
1572
2374
1887
784
699
1921
2739
364
1945
556
734
2276
406
1900
953
2606
2631
1606
1142
1057
1041
1204
2914
2091
2895
132
1619
641
624
862
113
720
2974
1649
2109
261
2173
252
1072
1720
943
1727
181
880
440
125
419
2748
2552
2650
2949
2019
1918
2258
1692
855
2632
1470
2314
2993
630
1773
2601
1757
2399
2660
956
1451
2767
131
17
2199
900
1551
2539
21
52
987
1480
1103
1174
2966
1760
1510
2038
874
1082
1164
2303
1624
2635
20
1151
1737
1476
2653
2494
1140
1472
1293
733
2835
1019
448
1360
2483
2791
2576
890
846
460
2818
375
1065
1857
2263
2954
675
2120
841
2785
2843
683
578
1636
1731
2897
2669
2883
348
542
1912
1102
359
1002
2833
2834
1023
1382
1885
2121
861
2308
697
2892
1756
2183
767
79
562
1199
2067
2671
1369
2134
2036
231
1394
2595
2480
439
1202
2005
2849
811
2921
2792
1977
2615
1421
1257
2481
565
1641
2077
2781
2066
1431
461
1389
1656
996
1221
658
1696
2626
350
1010
1652
899
2495
1411
2846
2547
331
380
2429
2485
1595
2912
2470
2691
2224
1376
2768
2446
1178
2416
584
676
1457
2522
2153
1663
2990
977
116
739
1125
2526
2170
197
2073
2041
202
1868
454
2074
2476
1653
1985
1397
2296
189
65
579
449
2320
1308
2174
2502
2347
2423
718
6
37
1323
1861
26
1013
311
2935
1014
80
2163
1271
1328
1809
2118
2676
2931
665
1565
1450
1060
1881
2410
2240
11
1365
728
2237
2003
1793
2754
341
948
251
1192
786
1575
371
2655
2130
1651
2521
2321
2619
1185
1124
748
1097
412
2969
620
2642
1267
2375
2491
2385
532
1637
2922
1566
1953
115
509
2535
1788
937
1409
574
856
595
1398
182
1751
1740
2562
2409
2613
277
515
1483
831
618
2678
2594
155
2040
2693
2371
1846
2310
1075
2742
1582
410
1849
790
715
322
2029
611
1213
1758
2352
83
1682
2734
1143
2852
1744
2154
1235
685
1949
1478
287
2838
2474
1269
166
1657
145
1519
180
2436
2305
2987
1063
725
626
1275
923
2252
55
773
1200
839
2885
503
1864
2052
1958
187
985
69
2703
1282
1286
310
483
235
118
2930
1375
909
792
968
2219
1162
1581
553
56
1122
752
2197
587
1462
2799
2286
2543
2290
1473
114
2633
1859
559
1552
1554
1489
386
1079
286
1047
