350
136
327
404
508
289
607
699
191
447
290
143
716
665
269
606
87
307
553
805
19
89
501
8
544
702
851
521
213
200
720
886
216
787
616
530
573
862
0
64
250
717
920
945
977
996
21
134
593
359
232
391
739
365
378
531
734
812
905
6
237
765
34
246
317
455
639
63
358
482
701
421
611
619
880
946
54
209
427
512
797
196
210
816
927
967
985
41
258
615
803
929
401
776
848
939
952
47
380
458
586
592
594
762
235
331
537
758
988
163
408
470
551
641
239
245
504
541
668
820
309
490
603
624
808
896
970
221
243
322
429
546
591
613
654
818
953
190
347
454
525
957
194
206
311
321
467
489
680
688
823
835
861
885
916
138
148
179
303
377
379
443
743
982
96
99
234
260
342
376
448
495
672
870
897
59
112
305
424
437
524
540
590
811
829
909
924
960
244
266
296
316
354
535
651
660
964
992
67
121
139
259
264
370
846
42
106
127
169
217
219
373
410
444
713
773
890
81
108
110
137
333
356
397
399
415
477
542
568
694
707
710
726
837
854
859
868
937
1
75
104
189
201
231
273
323
366
388
409
412
483
516
548
572
576
580
582
584
631
695
750
795
918
948
981
2
12
36
101
156
193
205
431
498
549
640
687
742
785
791
919
24
39
77
123
150
171
291
340
348
355
363
398
406
425
469
476
522
538
543
558
638
642
653
696
738
753
756
793
802
814
838
872
873
938
943
949
984
997
5
20
46
83
129
140
159
181
185
218
240
257
277
282
308
385
449
450
505
649
686
690
725
737
760
801
809
827
855
864
932
941
23
31
35
38
48
86
116
120
167
176
184
188
207
228
274
286
295
299
335
351
352
381
383
414
441
473
479
485
509
513
527
528
529
560
567
577
617
625
627
636
658
683
684
736
779
781
786
800
821
843
853
874
879
936
995
10
65
68
69
97
173
222
230
233
253
279
368
371
428
468
472
511
515
520
552
574
595
598
602
646
666
669
670
673
675
704
744
815
831
917
926
928
933
942
951
956
958
45
50
73
100
122
153
155
157
174
186
197
198
203
214
226
241
242
270
272
283
320
325
346
361
386
389
390
402
416
430
442
453
456
457
491
500
506
532
557
559
561
569
588
605
609
635
648
671
693
703
709
754
789
794
825
842
856
865
866
869
894
930
980
986
22
29
49
80
82
92
105
107
118
119
901
131
168
170
175
182
202
229
238
281
288
315
318
326
330
375
384
387
407
413
465
493
497
514
539
545
581
583
585
597
599
608
632
656
661
714
741
747
748
764
767
768
771
804
806
813
849
850
876
877
883
124
911
947
950
972
975
978
3
17
25
32
52
55
56
109
128
146
152
252
276
287
312
314
336
337
353
369
374
426
486
496
517
536
575
589
618
626
634
644
676
692
712
733
746
751
755
777
783
790
824
847
860
887
922
931
934
955
959
973
989
991
4
13
15
16
74
76
79
93
103
125
126
130
141
154
164
177
199
211
223
284
293
324
372
393
395
411
422
433
452
459
460
474
478
492
503
507
519
534
554
562
563
565
570
571
578
612
623
629
630
662
679
689
705
706
708
711
730
752
759
761
770
807
830
836
844
863
867
878
881
888
891
908
954
961
976
7
9
27
28
61
78
85
115
145
151
178
247
251
261
297
304
319
341
349
362
367
382
405
434
436
446
466
480
499
566
579
601
652
655
681
718
722
731
732
819
828
832
833
834
875
900
915
923
944
963
30
44
53
70
102
135
144
158
161
180
204
248
263
294
332
339
364
394
418
423
432
435
440
451
523
555
621
633
637
643
645
657
682
685
691
700
735
799
826
858
884
892
893
895
910
914
921
925
40
43
58
66
71
72
84
88
91
94
111
117
149
160
166
254
256
292
301
302
310
328
338
344
345
357
360
400
417
419
463
464
471
475
502
533
547
556
564
604
622
674
678
745
772
780
782
784
796
798
810
822
841
845
852
904
907
912
966
969
979
990
994
14
18
33
51
57
60
62
98
113
114
132
133
147
183
212
215
220
225
227
236
255
262
265
285
300
306
313
329
343
396
403
420
439
445
487
488
494
518
526
550
596
610
614
628
650
667
677
698
715
721
724
757
763
766
774
775
839
882
889
902
906
913
940
968
971
974
983
998
999
11
26
37
90
95
142
162
165
172
187
192
195
208
719
224
249
267
268
271
275
278
280
298
334
392
438
461
462
481
484
510
587
600
620
647
659
663
664
697
723
727
728
729
740
749
769
778
788
792
817
840
857
871
898
899
903
935
962
965
987
993